3
-1.77636e-15 -21.8453 
21.8453 21.8453 
21.8453 -1.77636e-15 
21.8453 21.8453 
-21.8453 21.8453 
21.8453 21.8453 
19.6221
3
-2.22045e-15 -14.5636 
7.28178 7.28178 
-7.28178 -21.8453 
7.28178 7.28178 
-7.28178 -29.1271 
7.28178 7.28178 
19.1281
3
-2.05391e-15 -13.7545 
0.809086 0.809086 
-0.809086 -13.7545 
0.809086 0.809086 
-0.809086 -15.3726 
0.809086 0.809086 
18.187
3
-2.08167e-15 -14.0242 
0.269695 0.269695 
-0.269695 -14.0242 
0.269695 0.269695 
0.269695 -13.4848 
0.269695 0.269695 
17.2633
