3
6.66667 4.44089e-16 
6.66667 6.66667 
-6.66667 6.66667 
6.66667 6.66667 
4.44089e-16 -6.66667 
6.66667 6.66667 
179.012
3
4.44444 4.44089e-16 
2.22222 2.22222 
8.88889 -2.22222 
2.22222 2.22222 
8.88889 2.22222 
2.22222 2.22222 
49.0779
3
3.7037 4.996e-16 
0.740741 0.740741 
5.18519 4.996e-16 
0.740741 0.740741 
5.18519 0.740741 
0.740741 0.740741 
28.9073
3
3.7037 -0.246914 
0.246914 0.246914 
3.7037 -0.246914 
0.246914 0.246914 
3.95062 0.246914 
0.246914 0.246914 
22.9891
3
3.6214 -0.329218 
0.0823045 0.0823045 
3.7037 -0.329218 
0.0823045 0.0823045 
3.6214 -0.246914 
0.0823045 0.0823045 
20.2348
3
3.6214 -0.338363 
0.00914495 0.00914495 
3.6214 -0.329218 
0.00914495 0.00914495 
3.61225 -0.320073 
0.00914495 0.00914495 
20.096
3
3.61835 -0.338363 
0.00304832 0.00304832 
3.6214 -0.335315 
0.00304832 0.00304832 
3.62445 -0.335315 
0.00304832 0.00304832 
20.0501
3
3.61733 -0.338363 
0.00101611 0.00101611 
3.61835 -0.338363 
0.00101611 0.00101611 
3.61937 -0.338363 
0.00101611 0.00101611 
20.0348
3
3.61733 -0.338702 
0.000338702 0.000338702 
3.617 -0.338024 
0.000338702 0.000338702 
3.61767 -0.338363 
0.000338702 0.000338702 
20.0297
3
3.61741 -0.338852 
3.76335e-05 3.76335e-05 
3.61741 -0.338815 
3.76335e-05 3.76335e-05 
3.61745 -0.338852 
3.76335e-05 3.76335e-05 
20.0286
3
3.6174 -0.338865 
1.25445e-05 1.25445e-05 
3.61741 -0.338865 
1.25445e-05 1.25445e-05 
3.61741 -0.338865 
1.25445e-05 1.25445e-05 
20.0282
3
3.61739 -0.338869 
4.1815e-06 4.1815e-06 
3.61739 -0.338865 
4.1815e-06 4.1815e-06 
3.6174 -0.338861 
4.1815e-06 4.1815e-06 
20.0281
3
3.61739 -0.338869 
4.64611e-07 4.64611e-07 
3.61739 -0.338869 
4.64611e-07 4.64611e-07 
3.61739 -0.338869 
4.64611e-07 4.64611e-07 
20.0281
3
3.61739 -0.338869 
1.5487e-07 1.5487e-07 
3.61739 -0.338869 
1.5487e-07 1.5487e-07 
3.61739 -0.338868 
1.5487e-07 1.5487e-07 
20.0281
3
3.61739 -0.338869 
5.16235e-08 5.16235e-08 
3.61739 -0.338869 
5.16235e-08 5.16235e-08 
3.61739 -0.338869 
5.16235e-08 5.16235e-08 
20.0281
3
3.61739 -0.338869 
1.72078e-08 1.72078e-08 
3.61739 -0.338869 
1.72078e-08 1.72078e-08 
3.61739 -0.338869 
1.72078e-08 1.72078e-08 
20.0281
3
3.61739 -0.338869 
5.73594e-09 5.73594e-09 
3.61739 -0.338869 
5.73594e-09 5.73594e-09 
3.61739 -0.338869 
5.73594e-09 5.73594e-09 
20.0281
3
3.61739 -0.338869 
1.91198e-09 1.91198e-09 
3.61739 -0.338869 
1.91198e-09 1.91198e-09 
3.61739 -0.338869 
1.91198e-09 1.91198e-09 
20.0281
3
3.61739 -0.338869 
6.37327e-10 6.37327e-10 
3.61739 -0.338869 
6.37327e-10 6.37327e-10 
3.61739 -0.338869 
6.37327e-10 6.37327e-10 
20.0281
3
3.61739 -0.338869 
2.12443e-10 2.12442e-10 
3.61739 -0.338869 
2.12443e-10 2.12442e-10 
3.61739 -0.338869 
2.12443e-10 2.12442e-10 
20.0281
3
3.61739 -0.338869 
2.36048e-11 2.36047e-11 
3.61739 -0.338869 
2.36048e-11 2.36047e-11 
3.61739 -0.338869 
2.36048e-11 2.36047e-11 
20.0281
3
3.61739 -0.338869 
7.86837e-12 7.86822e-12 
3.61739 -0.338869 
7.86837e-12 7.86822e-12 
3.61739 -0.338869 
7.86837e-12 7.86822e-12 
20.0281
3
3.61739 -0.338869 
2.62279e-12 2.62275e-12 
3.61739 -0.338869 
2.62279e-12 2.62275e-12 
3.61739 -0.338869 
2.62279e-12 2.62275e-12 
20.0281
3
3.61739 -0.338869 
8.74264e-13 8.74264e-13 
3.61739 -0.338869 
8.74264e-13 8.74264e-13 
3.61739 -0.338869 
8.74264e-13 8.74264e-13 
20.0281
3
3.61739 -0.338869 
2.91323e-13 2.91434e-13 
3.61739 -0.338869 
2.91323e-13 2.91434e-13 
3.61739 -0.338869 
2.91323e-13 2.91434e-13 
20.0281
3
3.61739 -0.338869 
9.71075e-14 9.71445e-14 
3.61739 -0.338869 
9.71075e-14 9.71445e-14 
3.61739 -0.338869 
9.71075e-14 9.71445e-14 
20.0281
3
3.61739 -0.338869 
1.06581e-14 1.08062e-14 
3.61739 -0.338869 
1.06581e-14 1.08062e-14 
3.61739 -0.338869 
1.06581e-14 1.08062e-14 
20.0281
3
3.61739 -0.338869 
3.55271e-15 3.58972e-15 
3.61739 -0.338869 
3.55271e-15 3.58972e-15 
3.61739 -0.338869 
3.55271e-15 3.58972e-15 
20.0281
3
3.61739 -0.338869 
1.18424e-15 1.18424e-15 
3.61739 -0.338869 
1.18424e-15 1.18424e-15 
3.61739 -0.338869 
1.18424e-15 1.18424e-15 
20.0281
3
3.61739 -0.338869 
2.96059e-16 4.07082e-16 
3.61739 -0.338869 
2.96059e-16 4.07082e-16 
3.61739 -0.338869 
2.96059e-16 4.07082e-16 
20.0281
3
3.61739 -0.338869 
0 1.4803e-16 
3.61739 -0.338869 
0 1.4803e-16 
3.61739 -0.338869 
0 1.4803e-16 
20.0281
