3
2.61799 1.5708 
1.5708 1.5708 
1.5708 1.5708 
1.5708 1.5708 
0.523599 2.61799 
1.5708 1.5708 
-1.00925
3
2.61799 1.5708 
1.5708 1.5708 
2.61799 2.61799 
1.5708 1.5708 
1.5708 0.523599 
1.5708 1.5708 
-1.00925
3
-3.66519 1.5708 
1.5708 1.5708 
-2.61799 1.5708 
1.5708 1.5708 
-3.66519 0.523599 
1.5708 1.5708 
-1.0699
3
-5.75959 1.5708 
1.5708 1.5708 
-4.71239 1.5708 
1.5708 1.5708 
-4.71239 1.5708 
1.5708 1.5708 
-1.0699
3
-5.75959 1.5708 
1.5708 1.5708 
-7.85398 2.61799 
1.5708 1.5708 
-7.85398 2.61799 
1.5708 1.5708 
-1.0699
3
-5.75959 1.5708 
1.5708 1.5708 
-5.75959 1.5708 
1.5708 1.5708 
-3.66519 0.523599 
1.5708 1.5708 
-1.0699
3
-5.75959 1.5708 
1.5708 1.5708 
-6.80678 1.5708 
1.5708 1.5708 
-5.75959 0.523599 
1.5708 1.5708 
-1.0699
3
-5.75959 1.5708 
1.5708 1.5708 
-3.66519 2.61799 
1.5708 1.5708 
-3.66519 2.61799 
1.5708 1.5708 
-1.0699
3
-5.75959 1.5708 
1.5708 1.5708 
-5.75959 2.61799 
1.5708 1.5708 
-3.66519 2.61799 
1.5708 1.5708 
-1.0699
3
-5.75959 1.5708 
1.5708 1.5708 
-4.71239 2.61799 
1.5708 1.5708 
-5.75959 3.66519 
1.5708 1.5708 
-1.0699
3
-5.75959 1.5708 
1.5708 1.5708 
-3.66519 0.523599 
1.5708 1.5708 
-4.71239 0.523599 
1.5708 1.5708 
-1.0699
3
-5.75959 1.5708 
1.5708 1.5708 
-4.71239 1.5708 
1.5708 1.5708 
-6.80678 1.5708 
1.5708 1.5708 
-1.0699
3
-5.75959 1.5708 
1.5708 1.5708 
-4.71239 2.61799 
1.5708 1.5708 
-4.71239 0.523599 
1.5708 1.5708 
-1.0699
