3
-13.3333 8.88178e-16 
13.3333 13.3333 
13.3333 13.3333 
13.3333 13.3333 
13.3333 13.3333 
13.3333 13.3333 
41.9189
3
-11.8519 4.44444 
1.48148 1.48148 
-13.3333 5.92593 
1.48148 1.48148 
-14.8148 5.92593 
1.48148 1.48148 
40.3978
3
-11.6872 4.27984 
0.164609 0.164609 
-11.6872 4.27984 
0.164609 0.164609 
-11.8519 4.27984 
0.164609 0.164609 
39.0399
3
-11.6324 4.27984 
0.0548697 0.0548697 
-11.6872 4.33471 
0.0548697 0.0548697 
-11.7421 4.22497 
0.0548697 0.0548697 
38.7401
3
-11.6141 4.29813 
0.0182899 0.0182899 
-11.6324 4.29813 
0.0182899 0.0182899 
-11.6507 4.29813 
0.0182899 0.0182899 
38.6898
3
-11.608 4.30422 
0.00609663 0.00609663 
-11.6202 4.29203 
0.00609663 0.00609663 
-11.6202 4.29813 
0.00609663 0.00609663 
38.6731
3
-11.6073 4.30354 
0.000677404 0.000677404 
-11.6087 4.30354 
0.000677404 0.000677404 
-11.6087 4.3049 
0.000677404 0.000677404 
38.6676
3
-11.6071 4.30332 
0.000225801 0.000225801 
-11.6075 4.30332 
0.000225801 0.000225801 
-11.6075 4.30332 
0.000225801 0.000225801 
38.6657
3
-11.607 4.30339 
7.52671e-05 7.52671e-05 
-11.6071 4.30324 
7.52671e-05 7.52671e-05 
-11.6072 4.30339 
7.52671e-05 7.52671e-05 
38.6655
3
-11.607 4.30339 
2.5089e-05 2.5089e-05 
-11.607 4.30337 
2.5089e-05 2.5089e-05 
-11.607 4.30342 
2.5089e-05 2.5089e-05 
38.6654
3
-11.607 4.30339 
8.36301e-06 8.36301e-06 
-11.607 4.3034 
8.36301e-06 8.36301e-06 
-11.607 4.30339 
8.36301e-06 8.36301e-06 
38.6653
3
-11.607 4.30339 
2.78767e-06 2.78767e-06 
-11.607 4.3034 
2.78767e-06 2.78767e-06 
-11.607 4.30339 
2.78767e-06 2.78767e-06 
38.6653
3
-11.607 4.30339 
9.29223e-07 9.29223e-07 
-11.607 4.30339 
9.29223e-07 9.29223e-07 
-11.607 4.30339 
9.29223e-07 9.29223e-07 
38.6653
3
-11.607 4.30339 
3.09741e-07 3.09741e-07 
-11.607 4.30339 
3.09741e-07 3.09741e-07 
-11.607 4.30339 
3.09741e-07 3.09741e-07 
38.6653
3
-11.607 4.30339 
1.03247e-07 1.03247e-07 
-11.607 4.30339 
1.03247e-07 1.03247e-07 
-11.607 4.30339 
1.03247e-07 1.03247e-07 
38.6653
3
-11.607 4.30339 
3.44157e-08 3.44157e-08 
-11.607 4.30339 
3.44157e-08 3.44157e-08 
-11.607 4.30339 
3.44157e-08 3.44157e-08 
38.6653
3
-11.607 4.30339 
1.14719e-08 1.14719e-08 
-11.607 4.30339 
1.14719e-08 1.14719e-08 
-11.607 4.30339 
1.14719e-08 1.14719e-08 
38.6653
3
-11.607 4.30339 
1.41628e-10 1.41628e-10 
-11.607 4.30339 
1.41628e-10 1.41628e-10 
-11.607 4.30339 
1.41628e-10 1.41628e-10 
38.6653
3
-11.607 4.30339 
4.72096e-11 4.72096e-11 
-11.607 4.30339 
4.72096e-11 4.72096e-11 
-11.607 4.30339 
4.72096e-11 4.72096e-11 
38.6653
3
-11.607 4.30339 
1.57362e-11 1.57367e-11 
-11.607 4.30339 
1.57362e-11 1.57367e-11 
-11.607 4.30339 
1.57362e-11 1.57367e-11 
38.6653
3
-11.607 4.30339 
5.24499e-12 5.24558e-12 
-11.607 4.30339 
5.24499e-12 5.24558e-12 
-11.607 4.30339 
5.24499e-12 5.24558e-12 
38.6653
3
-11.607 4.30339 
1.74794e-12 1.74853e-12 
-11.607 4.30339 
1.74794e-12 1.74853e-12 
-11.607 4.30339 
1.74794e-12 1.74853e-12 
38.6653
3
-11.607 4.30339 
5.82645e-13 5.82645e-13 
-11.607 4.30339 
5.82645e-13 5.82645e-13 
-11.607 4.30339 
5.82645e-13 5.82645e-13 
38.6653
3
-11.607 4.30339 
1.94215e-13 1.94215e-13 
-11.607 4.30339 
1.94215e-13 1.94215e-13 
-11.607 4.30339 
1.94215e-13 1.94215e-13 
38.6653
3
-11.607 4.30339 
6.51331e-14 6.4541e-14 
-11.607 4.30339 
6.51331e-14 6.4541e-14 
-11.607 4.30339 
6.51331e-14 6.4541e-14 
38.6653
3
-11.607 4.30339 
2.13163e-14 2.13163e-14 
-11.607 4.30339 
2.13163e-14 2.13163e-14 
-11.607 4.30339 
2.13163e-14 2.13163e-14 
38.6653
3
-11.607 4.30339 
2.36848e-15 2.36848e-15 
-11.607 4.30339 
2.36848e-15 2.36848e-15 
-11.607 4.30339 
2.36848e-15 2.36848e-15 
38.6653
