3
6.66667 -6.66667 
6.66667 6.66667 
6.66667 -6.66667 
6.66667 6.66667 
6.66667 -6.66667 
6.66667 6.66667 
261267
3
4.44444 -6.66667 
2.22222 2.22222 
6.66667 -4.44444 
2.22222 2.22222 
8.88889 -6.66667 
2.22222 2.22222 
69812.2
3
3.7037 -7.40741 
0.740741 0.740741 
5.18519 -5.92593 
0.740741 0.740741 
5.18519 -7.40741 
0.740741 0.740741 
44633.1
3
3.45679 -7.16049 
0.246914 0.246914 
3.7037 -7.16049 
0.246914 0.246914 
3.7037 -7.16049 
0.246914 0.246914 
36524.8
3
3.45679 -7.07819 
0.0823045 0.0823045 
3.53909 -7.2428 
0.0823045 0.0823045 
3.53909 -7.2428 
0.0823045 0.0823045 
36210.9
3
3.42936 -7.10562 
0.0274348 0.0274348 
3.48422 -7.07819 
0.0274348 0.0274348 
3.48422 -7.07819 
0.0274348 0.0274348 
35598.9
3
3.42021 -7.10562 
0.00914495 0.00914495 
3.42021 -7.11477 
0.00914495 0.00914495 
3.4385 -7.09648 
0.00914495 0.00914495 
35362.9
3
3.41716 -7.10258 
0.00304832 0.00304832 
3.42021 -7.10258 
0.00304832 0.00304832 
3.42021 -7.10562 
0.00304832 0.00304832 
35273.1
3
3.41716 -7.10156 
0.00101611 0.00101611 
3.41818 -7.10359 
0.00101611 0.00101611 
3.41818 -7.10359 
0.00101611 0.00101611 
35269.3
3
3.41682 -7.10122 
0.000338702 0.000338702 
3.4175 -7.1019 
0.000338702 0.000338702 
3.4175 -7.1019 
0.000338702 0.000338702 
35259.3
3
3.41671 -7.10111 
0.000112901 0.000112901 
3.41682 -7.10122 
0.000112901 0.000112901 
3.41694 -7.10122 
0.000112901 0.000112901 
35256
3
3.4167 -7.10113 
1.25445e-05 1.25445e-05 
3.4167 -7.10115 
1.25445e-05 1.25445e-05 
3.41672 -7.10116 
1.25445e-05 1.25445e-05 
35255.7
3
3.4167 -7.10114 
1.39383e-06 1.39383e-06 
3.4167 -7.10114 
1.39383e-06 1.39383e-06 
3.4167 -7.10114 
1.39383e-06 1.39383e-06 
35255.7
3
3.4167 -7.10114 
1.72078e-08 1.72078e-08 
3.4167 -7.10114 
1.72078e-08 1.72078e-08 
3.4167 -7.10114 
1.72078e-08 1.72078e-08 
35255.7
