3
3.41333 2.22045e-16 
3.75467 3.75467 
-3.41333 -3.41333 
3.75467 3.75467 
3.41333 3.41333 
3.75467 3.75467 
30.2045
3
2.92384 1.15699 
1.48073 1.48073 
0.231601 2.50311 
1.48073 1.48073 
0.231601 2.50311 
1.48073 1.48073 
15.494
3
1.93668 2.14415 
1.08587 1.08587 
3.91099 2.14415 
1.08587 1.08587 
3.91099 2.14415 
1.08587 1.08587 
12.9577
3
1.93668 2.00258 
0.428234 0.428234 
1.93668 1.61328 
0.428234 0.428234 
2.32599 1.61328 
0.428234 0.428234 
8.54336
3
1.96721 2.01679 
0.0666024 0.0666024 
1.90666 2.07733 
0.0666024 0.0666024 
1.84611 2.01679 
0.0666024 0.0666024 
8.20443
3
1.96308 2.00575 
0.00759626 0.00759626 
1.95617 1.99884 
0.00759626 0.00759626 
1.94926 2.00575 
0.00759626 0.00759626 
8.15114
3
1.96814 2.00069 
0.00557059 0.00557059 
1.96814 2.01081 
0.00557059 0.00557059 
1.96308 2.00575 
0.00557059 0.00557059 
8.07611
3
1.97185 1.99697 
0.0040851 0.0040851 
1.96814 1.99697 
0.0040851 0.0040851 
1.96443 2.0044 
0.0040851 0.0040851 
8.03388
3
1.97185 1.99425 
0.00299574 0.00299574 
1.96913 1.99425 
0.00299574 0.00299574 
1.96913 1.99425 
0.00299574 0.00299574 
8.02773
3
1.97332 1.99625 
0.00161104 0.00161104 
1.97332 1.99771 
0.00161104 0.00161104 
1.97185 1.99478 
0.00161104 0.00161104 
8.02196
3
1.97439 1.99625 
0.00118143 0.00118143 
1.97224 1.99625 
0.00118143 0.00118143 
1.97224 1.99732 
0.00118143 0.00118143 
8.01516
3
1.97518 1.99703 
0.000866383 0.000866383 
1.9736 1.99546 
0.000866383 0.000866383 
1.9736 1.99703 
0.000866383 0.000866383 
8.01257
3
1.97518 1.99646 
0.000635347 0.000635347 
1.97518 1.99761 
0.000635347 0.000635347 
1.9746 1.99703 
0.000635347 0.000635347 
8.011
3
1.9756 1.99603 
0.000465921 0.000465921 
1.97518 1.99603 
0.000465921 0.000465921 
1.97518 1.99603 
0.000465921 0.000465921 
8.00752
3
1.97591 1.99572 
0.000341676 0.000341676 
1.97591 1.99603 
0.000341676 0.000341676 
1.97529 1.99572 
0.000341676 0.000341676 
8.00505
3
1.97608 1.99572 
0.000183746 0.000183746 
1.97591 1.99555 
0.000183746 0.000183746 
1.97591 1.99589 
0.000183746 0.000183746 
8.00413
3
1.97608 1.9956 
0.000134747 0.000134747 
1.97596 1.9956 
0.000134747 0.000134747 
1.97596 1.99584 
0.000134747 0.000134747 
8.00385
3
1.97617 1.9956 
9.88143e-05 9.88143e-05 
1.97608 1.99551 
9.88143e-05 9.88143e-05 
1.97599 1.99569 
9.88143e-05 9.88143e-05 
8.00336
3
1.97617 1.99553 
7.24638e-05 7.24638e-05 
1.97611 1.99553 
7.24638e-05 7.24638e-05 
1.97611 1.99553 
7.24638e-05 7.24638e-05 
8.00322
3
1.97617 1.99548 
5.31401e-05 5.31401e-05 
1.97617 1.99558 
5.31401e-05 5.31401e-05 
1.97612 1.99548 
5.31401e-05 5.31401e-05 
8.00311
3
1.97616 1.99545 
2.85776e-05 2.85776e-05 
1.97614 1.99548 
2.85776e-05 2.85776e-05 
1.97611 1.99545 
2.85776e-05 2.85776e-05 
8.00308
3
1.97616 1.99543 
2.09569e-05 2.09569e-05 
1.97614 1.99547 
2.09569e-05 2.09569e-05 
1.97614 1.99547 
2.09569e-05 2.09569e-05 
8.00304
3
1.97618 1.99543 
1.53684e-05 1.53684e-05 
1.97615 1.99543 
1.53684e-05 1.53684e-05 
1.97615 1.99544 
1.53684e-05 1.53684e-05 
8.00296
3
1.97619 1.99542 
1.12702e-05 1.12702e-05 
1.97619 1.99544 
1.12702e-05 1.12702e-05 
1.97618 1.99542 
1.12702e-05 1.12702e-05 
8.00289
3
1.97619 1.99541 
8.26478e-06 8.26478e-06 
1.97619 1.99541 
8.26478e-06 8.26478e-06 
1.97619 1.99541 
8.26478e-06 8.26478e-06 
8.00287
3
1.97619 1.99541 
6.06084e-06 6.06084e-06 
1.97619 1.99541 
6.06084e-06 6.06084e-06 
1.97618 1.99541 
6.06084e-06 6.06084e-06 
8.00284
3
1.9762 1.99542 
4.44461e-06 4.44461e-06 
1.97619 1.99541 
4.44461e-06 4.44461e-06 
1.97619 1.99541 
4.44461e-06 4.44461e-06 
8.00283
3
1.9762 1.99542 
3.25938e-06 3.25938e-06 
1.9762 1.99541 
3.25938e-06 3.25938e-06 
1.97619 1.99542 
3.25938e-06 3.25938e-06 
8.00281
3
1.9762 1.99542 
2.39022e-06 2.39022e-06 
1.9762 1.99541 
2.39022e-06 2.39022e-06 
1.9762 1.99542 
2.39022e-06 2.39022e-06 
8.0028
3
1.9762 1.99542 
1.2854e-06 1.2854e-06 
1.9762 1.99542 
1.2854e-06 1.2854e-06 
1.9762 1.99542 
1.2854e-06 1.2854e-06 
8.00279
3
1.9762 1.99542 
9.4263e-07 9.4263e-07 
1.9762 1.99542 
9.4263e-07 9.4263e-07 
1.9762 1.99542 
9.4263e-07 9.4263e-07 
8.00279
3
1.9762 1.99542 
6.91262e-07 6.91262e-07 
1.9762 1.99542 
6.91262e-07 6.91262e-07 
1.9762 1.99542 
6.91262e-07 6.91262e-07 
8.00279
3
1.9762 1.99542 
5.06925e-07 5.06925e-07 
1.9762 1.99542 
5.06925e-07 5.06925e-07 
1.9762 1.99542 
5.06925e-07 5.06925e-07 
8.00279
3
1.9762 1.99542 
3.71745e-07 3.71745e-07 
1.9762 1.99542 
3.71745e-07 3.71745e-07 
1.9762 1.99542 
3.71745e-07 3.71745e-07 
8.00278
3
1.9762 1.99542 
1.99916e-07 1.99916e-07 
1.9762 1.99542 
1.99916e-07 1.99916e-07 
1.9762 1.99542 
1.99916e-07 1.99916e-07 
8.00278
3
1.9762 1.99542 
1.46605e-07 1.46605e-07 
1.9762 1.99542 
1.46605e-07 1.46605e-07 
1.9762 1.99542 
1.46605e-07 1.46605e-07 
8.00278
3
1.9762 1.99542 
1.07511e-07 1.07511e-07 
1.9762 1.99542 
1.07511e-07 1.07511e-07 
1.9762 1.99542 
1.07511e-07 1.07511e-07 
8.00278
3
1.9762 1.99542 
5.78168e-08 5.78168e-08 
1.9762 1.99542 
5.78168e-08 5.78168e-08 
1.9762 1.99542 
5.78168e-08 5.78168e-08 
8.00278
3
1.9762 1.99542 
4.2399e-08 4.2399e-08 
1.9762 1.99542 
4.2399e-08 4.2399e-08 
1.9762 1.99542 
4.2399e-08 4.2399e-08 
8.00278
3
1.9762 1.99542 
3.10926e-08 3.10926e-08 
1.9762 1.99542 
3.10926e-08 3.10926e-08 
1.9762 1.99542 
3.10926e-08 3.10926e-08 
8.00278
3
1.9762 1.99542 
2.28012e-08 2.28012e-08 
1.9762 1.99542 
2.28012e-08 2.28012e-08 
1.9762 1.99542 
2.28012e-08 2.28012e-08 
8.00278
3
1.9762 1.99542 
1.67209e-08 1.67209e-08 
1.9762 1.99542 
1.67209e-08 1.67209e-08 
1.9762 1.99542 
1.67209e-08 1.67209e-08 
8.00278
3
1.9762 1.99542 
1.2262e-08 1.2262e-08 
1.9762 1.99542 
1.2262e-08 1.2262e-08 
1.9762 1.99542 
1.2262e-08 1.2262e-08 
8.00278
3
1.9762 1.99542 
8.99213e-09 8.99213e-09 
1.9762 1.99542 
8.99213e-09 8.99213e-09 
1.9762 1.99542 
8.99213e-09 8.99213e-09 
8.00278
3
1.9762 1.99542 
6.59423e-09 6.59423e-09 
1.9762 1.99542 
6.59423e-09 6.59423e-09 
1.9762 1.99542 
6.59423e-09 6.59423e-09 
8.00278
3
1.9762 1.99542 
3.54623e-09 3.54623e-09 
1.9762 1.99542 
3.54623e-09 3.54623e-09 
1.9762 1.99542 
3.54623e-09 3.54623e-09 
8.00278
3
1.9762 1.99542 
1.90708e-09 1.90708e-09 
1.9762 1.99542 
1.90708e-09 1.90708e-09 
1.9762 1.99542 
1.90708e-09 1.90708e-09 
8.00278
3
1.9762 1.99542 
1.39853e-09 1.39853e-09 
1.9762 1.99542 
1.39853e-09 1.39853e-09 
1.9762 1.99542 
1.39853e-09 1.39853e-09 
8.00278
3
1.9762 1.99542 
1.02559e-09 1.02559e-09 
1.9762 1.99542 
1.02559e-09 1.02559e-09 
1.9762 1.99542 
1.02559e-09 1.02559e-09 
8.00278
3
1.9762 1.99542 
7.52097e-10 7.52097e-10 
1.9762 1.99542 
7.52097e-10 7.52097e-10 
1.9762 1.99542 
7.52097e-10 7.52097e-10 
8.00278
3
1.9762 1.99542 
4.04461e-10 4.04461e-10 
1.9762 1.99542 
4.04461e-10 4.04461e-10 
1.9762 1.99542 
4.04461e-10 4.04461e-10 
8.00278
3
1.9762 1.99542 
2.96605e-10 2.96605e-10 
1.9762 1.99542 
2.96605e-10 2.96605e-10 
1.9762 1.99542 
2.96605e-10 2.96605e-10 
8.00278
3
1.9762 1.99542 
1.59508e-10 1.59508e-10 
1.9762 1.99542 
1.59508e-10 1.59508e-10 
1.9762 1.99542 
1.59508e-10 1.59508e-10 
8.00278
3
1.9762 1.99542 
1.16972e-10 1.16972e-10 
1.9762 1.99542 
1.16972e-10 1.16972e-10 
1.9762 1.99542 
1.16972e-10 1.16972e-10 
8.00278
3
1.9762 1.99542 
8.57796e-11 8.57796e-11 
1.9762 1.99542 
8.57796e-11 8.57796e-11 
1.9762 1.99542 
8.57796e-11 8.57796e-11 
8.00278
3
1.9762 1.99542 
6.2905e-11 6.2905e-11 
1.9762 1.99542 
6.2905e-11 6.2905e-11 
1.9762 1.99542 
6.2905e-11 6.2905e-11 
8.00278
3
1.9762 1.99542 
4.61303e-11 4.61303e-11 
1.9762 1.99542 
4.61303e-11 4.61303e-11 
1.9762 1.99542 
4.61303e-11 4.61303e-11 
8.00278
3
1.9762 1.99542 
3.3829e-11 3.3829e-11 
1.9762 1.99542 
3.3829e-11 3.3829e-11 
1.9762 1.99542 
3.3829e-11 3.3829e-11 
8.00278
3
1.9762 1.99542 
2.48079e-11 2.48079e-11 
1.9762 1.99542 
2.48079e-11 2.48079e-11 
1.9762 1.99542 
2.48079e-11 2.48079e-11 
8.00278
3
1.9762 1.99542 
1.33412e-11 1.33412e-11 
1.9762 1.99542 
1.33412e-11 1.33412e-11 
1.9762 1.99542 
1.33412e-11 1.33412e-11 
8.00278
3
1.9762 1.99542 
9.78348e-12 9.78348e-12 
1.9762 1.99542 
9.78348e-12 9.78348e-12 
1.9762 1.99542 
9.78348e-12 9.78348e-12 
8.00278
3
1.9762 1.99542 
3.85832e-12 3.85832e-12 
1.9762 1.99542 
3.85832e-12 3.85832e-12 
1.9762 1.99542 
3.85832e-12 3.85832e-12 
8.00278
3
1.9762 1.99542 
1.11573e-12 1.11573e-12 
1.9762 1.99542 
1.11573e-12 1.11573e-12 
1.9762 1.99542 
1.11573e-12 1.11573e-12 
8.00278
3
1.9762 1.99542 
8.18234e-13 8.18234e-13 
1.9762 1.99542 
8.18234e-13 8.18234e-13 
1.9762 1.99542 
8.18234e-13 8.18234e-13 
8.00278
3
1.9762 1.99542 
6.00039e-13 6.00039e-13 
1.9762 1.99542 
6.00039e-13 6.00039e-13 
1.9762 1.99542 
6.00039e-13 6.00039e-13 
8.00278
3
1.9762 1.99542 
6.00039e-13 6.00039e-13 
1.9762 1.99542 
6.00039e-13 6.00039e-13 
1.9762 1.99542 
6.00039e-13 6.00039e-13 
8.00278
3
1.9762 1.99542 
4.39974e-13 4.39974e-13 
1.9762 1.99542 
4.39974e-13 4.39974e-13 
1.9762 1.99542 
4.39974e-13 4.39974e-13 
8.00278
3
1.9762 1.99542 
3.22572e-13 3.22572e-13 
1.9762 1.99542 
3.22572e-13 3.22572e-13 
1.9762 1.99542 
3.22572e-13 3.22572e-13 
8.00278
3
1.9762 1.99542 
2.36596e-13 2.36596e-13 
1.9762 1.99542 
2.36596e-13 2.36596e-13 
1.9762 1.99542 
2.36596e-13 2.36596e-13 
8.00278
3
1.9762 1.99542 
1.7358e-13 1.7358e-13 
1.9762 1.99542 
1.7358e-13 1.7358e-13 
1.9762 1.99542 
1.7358e-13 1.7358e-13 
8.00278
3
1.9762 1.99542 
1.27335e-13 1.27335e-13 
1.9762 1.99542 
1.27335e-13 1.27335e-13 
1.9762 1.99542 
1.27335e-13 1.27335e-13 
8.00278
3
1.9762 1.99542 
9.33031e-14 9.33031e-14 
1.9762 1.99542 
9.33031e-14 9.33031e-14 
1.9762 1.99542 
9.33031e-14 9.33031e-14 
8.00278
3
1.9762 1.99542 
6.83897e-14 6.83897e-14 
1.9762 1.99542 
6.83897e-14 6.83897e-14 
1.9762 1.99542 
6.83897e-14 6.83897e-14 
8.00278
3
1.9762 1.99542 
5.01525e-14 5.01525e-14 
1.9762 1.99542 
5.01525e-14 5.01525e-14 
1.9762 1.99542 
5.01525e-14 5.01525e-14 
8.00278
3
1.9762 1.99542 
3.68002e-14 3.68002e-14 
1.9762 1.99542 
3.68002e-14 3.68002e-14 
1.9762 1.99542 
3.68002e-14 3.68002e-14 
8.00278
3
1.9762 1.99542 
2.70302e-14 2.70302e-14 
1.9762 1.99542 
2.70302e-14 2.70302e-14 
1.9762 1.99542 
2.70302e-14 2.70302e-14 
8.00278
3
1.9762 1.99542 
1.98656e-14 1.98656e-14 
1.9762 1.99542 
1.98656e-14 1.98656e-14 
1.9762 1.99542 
1.98656e-14 1.98656e-14 
8.00278
3
1.9762 1.99542 
1.44921e-14 1.44921e-14 
1.9762 1.99542 
1.44921e-14 1.44921e-14 
1.9762 1.99542 
1.44921e-14 1.44921e-14 
8.00278
3
1.9762 1.99542 
1.05841e-14 1.05841e-14 
1.9762 1.99542 
1.05841e-14 1.05841e-14 
1.9762 1.99542 
1.05841e-14 1.05841e-14 
8.00278
3
1.9762 1.99542 
7.81597e-15 7.81597e-15 
1.9762 1.99542 
7.81597e-15 7.81597e-15 
1.9762 1.99542 
7.81597e-15 7.81597e-15 
8.00278
3
1.9762 1.99542 
5.69914e-15 5.69914e-15 
1.9762 1.99542 
5.69914e-15 5.69914e-15 
1.9762 1.99542 
5.69914e-15 5.69914e-15 
8.00278
3
1.9762 1.99542 
4.23365e-15 4.23365e-15 
1.9762 1.99542 
4.23365e-15 4.23365e-15 
1.9762 1.99542 
4.23365e-15 4.23365e-15 
8.00278
3
1.9762 1.99542 
3.09382e-15 3.09382e-15 
1.9762 1.99542 
3.09382e-15 3.09382e-15 
1.9762 1.99542 
3.09382e-15 3.09382e-15 
8.00278
3
1.9762 1.99542 
1.62833e-15 1.62833e-15 
1.9762 1.99542 
1.62833e-15 1.62833e-15 
1.9762 1.99542 
1.62833e-15 1.62833e-15 
8.00278
3
1.9762 1.99542 
8.14164e-16 8.14164e-16 
1.9762 1.99542 
8.14164e-16 8.14164e-16 
1.9762 1.99542 
8.14164e-16 8.14164e-16 
8.00278
3
1.9762 1.99542 
4.88498e-16 4.88498e-16 
1.9762 1.99542 
4.88498e-16 4.88498e-16 
1.9762 1.99542 
4.88498e-16 4.88498e-16 
8.00278
